LATITUDE: 37.276655
LONGITUDE: -121.8567039
TIME_ZONE: 'America/Los_Angeles'